[25951.030904] [Project1] 3409 1588127409.951178399 1588127410.905039784
[25953.015180] [Project1] 3410 1588127411.904441278 1588127412.889336069
[25954.976637] [Project1] 3411 1588127413.849649179 1588127414.850805784
[25956.910026] [Project1] 3412 1588127415.807858187 1588127416.784205533
[25958.915588] [Project1] 3413 1588127417.767038254 1588127418.789781043
[25960.873528] [Project1] 3414 1588127419.783248002 1588127420.747734140
[25962.862092] [Project1] 3415 1588127421.750331453 1588127422.736308995
[25964.873836] [Project1] 3416 1588127423.748137767 1588127424.748067985
[25966.846774] [Project1] 3417 1588127425.732108407 1588127426.721017251
[25968.858364] [Project1] 3418 1588127427.751325149 1588127428.732619670
